# Time-averaged data for fix temp_GR
# TimeStep v_mytemp c_GR_1 c_GR_2 c_GR_3 c_GR_4 c_GR_5 c_GR_6
1000 655.269 9.25432 10.8454 10.1419 13.268 9.32554 11.5791
2000 654.527 9.21229 10.5961 10.0148 13.4985 9.07361 11.5673
3000 645.084 9.26558 10.7527 9.99385 13.45 9.1233 11.49
4000 641.914 9.33298 10.8278 9.9336 13.4307 9.17859 11.4227
5000 649.509 9.42946 10.9926 10.0332 13.2275 9.18982 11.4164
6000 640.065 9.39255 10.7665 9.91219 13.5041 9.06886 11.2385
7000 647.255 9.28949 10.6672 9.85504 13.3582 9.13739 11.0489
8000 647.55 9.31894 10.6658 10.1122 13.6525 9.21496 11.1147
9000 633.703 9.43228 10.8176 10.0288 13.6254 8.99577 11.0843
10000 641.374 9.59915 10.7347 10.4171 13.4939 9.18317 10.9211
11000 632.716 9.46101 10.9176 10.363 13.8655 9.1075 11.124
12000 642.813 9.50326 10.6347 10.1371 13.994 9.09559 10.9515
13000 635.641 9.34014 10.6872 10.0393 13.6817 9.24264 10.9888
14000 639.566 9.65629 10.5571 10.0319 13.9537 9.18261 11.042
15000 631.642 9.52671 10.5988 10.1246 14.4799 9.15732 11.2351
16000 640.202 9.46902 10.5058 9.79484 14.3484 9.14601 11.3092
17000 629.146 9.55386 10.5549 9.97671 14.6191 9.25351 11.2924
18000 636.997 9.49369 10.6628 10.1728 14.494 9.30552 11.3951
19000 626.037 9.56256 10.8808 10.1869 14.5309 9.55945 11.4658
20000 632.753 9.69674 10.6593 10.0187 14.4471 9.53661 10.9622
21000 631.779 9.54181 10.6489 10.4545 14.1601 9.45894 11.1575
22000 631.32 9.4132 10.8154 10.4296 13.7472 9.55831 10.8546
23000 623.086 9.81135 10.6332 9.82505 13.7172 9.30977 10.7304
24000 629.392 9.83173 10.4909 10.0847 14.4269 9.1328 10.9433
25000 621.459 9.84223 10.4785 10.2891 14.8423 9.08066 11.0426
26000 627.943 9.9064 10.5414 9.993 14.9245 9.27056 11.2498
27000 627.193 9.55664 10.473 10.2533 14.4721 9.37558 11.1522
28000 627.007 9.64834 10.5103 10.0238 14.4814 9.4226 11.2176
29000 626.592 9.69505 10.9488 10.1016 14.5449 9.36971 11.262
30000 615.065 9.76008 10.9034 10.1233 14.7037 9.43627 11.3181
31000 625.487 9.44616 10.9732 10.0546 14.8817 9.35586 11.3348
32000 617.827 9.36306 10.6969 9.98638 14.7871 9.15223 11.6377
33000 613.597 9.36399 10.9041 9.97015 14.8413 9.19113 11.4086
34000 609.892 9.27687 10.679 10.0657 14.9295 9.0133 11.2542
35000 614.321 9.51964 10.6099 9.88792 14.6712 9.05339 11.2572
36000 611.634 9.57477 10.6491 10.1839 14.5725 9.04526 11.1521
37000 610.833 9.59982 10.694 9.92997 14.4773 9.07253 11.2559
38000 618.397 9.50792 10.8352 9.85556 14.1358 9.14151 11.182
39000 602.808 9.52603 10.5242 10.1351 14.3895 9.08541 10.8374
40000 606.19 9.33814 10.476 9.92755 14.3641 9.00612 10.9614
41000 602.567 9.25138 10.3559 9.93916 14.0508 9.03489 10.8538
42000 608.371 9.22925 10.649 10.0394 13.8655 9.19388 10.9865
43000 607.242 9.23771 10.7107 10.1125 13.8521 9.12896 10.8699
44000 605.864 9.12944 10.8308 10.0987 13.271 9.37157 10.7671
45000 605.433 9.21283 10.9448 10.1535 13.1406 9.18335 10.7816
46000 600.932 9.25713 10.9218 10.2597 13.4265 9.05076 11.0137
47000 602.077 9.14951 11.0127 10.075 13.502 9.18568 10.8813
48000 594.589 9.21825 11.0048 10.1844 13.3038 9.13756 10.7024
49000 601.047 9.43815 11.0812 10.0793 13.6026 9.04311 10.7065
50000 602.018 9.53945 10.9146 9.92444 14.0758 8.8687 10.516
51000 598.101 9.35307 11.0095 10.0007 14.07 9.10227 10.4105
52000 591.219 9.42659 10.7525 10.16 14.1264 9.21101 10.4245
53000 592.771 9.42259 10.4848 9.84541 13.8726 9.41348 10.3641
54000 595.856 9.58358 10.9634 9.86037 13.6327 9.36871 10.8414
55000 593.702 9.65692 10.8527 9.76899 13.7689 9.49719 10.9025
56000 591.821 10.0405 10.8653 9.65161 13.7143 9.26558 10.9049
57000 597.387 10.2584 11.061 9.94409 13.9034 9.57453 10.7955
58000 594.401 10.0781 10.991 10.2451 13.6749 9.44369 11.0183
59000 598.66 10.2677 10.915 10.0837 13.2444 9.72076 10.6632
60000 596.685 9.90392 10.8954 9.98264 13.3556 9.57692 10.6094
61000 585.286 9.91649 10.8535 10.0717 13.9302 9.52287 10.7994
62000 583.932 9.74774 10.86 9.94275 13.9797 9.37124 10.6661
63000 594.239 9.769 10.9425 10.0726 13.9806 9.41747 10.6447
64000 583.098 9.68314 11.0352 10.1501 13.4608 9.32896 10.5808
65000 593.544 9.54027 10.7183 10.0548 13.6495 9.46372 10.4583
66000 582.626 9.58131 10.6061 10.0236 13.8648 9.51278 10.5102
67000 578.91 9.77689 10.7147 10.2157 13.7381 9.36015 10.6737
68000 579.956 9.92823 10.7281 10.2184 14.152 9.06903 10.4208
69000 575.142 9.87388 10.809 10.166 14.2013 9.24627 10.4216
70000 580.258 9.90776 10.555 10.3856 13.9467 9.33009 10.1409
71000 572.585 9.6568 10.5652 10.3385 13.6545 9.25187 10.183
72000 574.002 9.65053 10.5134 9.96507 13.6793 9.3771 10.3508
73000 568.536 9.75463 10.5979 9.96253 13.7076 9.45604 10.5932
74000 576.341 9.99838 10.7846 10.224 13.601 9.41794 10.552
75000 567.662 10.1451 10.763 10.1771 13.6823 9.72081 10.5031
76000 569.746 9.97755 10.7021 9.75512 13.6121 9.70141 10.3469
77000 569.901 9.612 10.347 9.83087 13.5 9.68193 10.2645
78000 575.72 9.74921 10.466 9.83453 13.3764 9.60574 10.4121
79000 575.871 9.58606 10.5317 9.93672 13.2355 9.59563 10.7515
80000 566.235 9.46177 10.3898 9.85754 13.1994 9.45231 10.7809
81000 570.2 9.64385 10.3338 9.68618 13.0488 9.31163 10.624
82000 571.998 9.55638 10.5171 9.9044 13.3886 9.4226 10.8212
83000 564.686 9.48165 10.3179 9.87351 13.2397 9.44608 10.4815
84000 563.263 9.51245 10.5668 9.93446 12.846 9.38416 10.3556
85000 567.807 9.63348 10.5349 10.0527 13.2433 9.29279 10.0949
86000 563.682 9.75648 10.5711 9.87795 13.2973 9.41009 10.0075
87000 567.064 9.37347 10.6199 10.1137 13.2822 9.11945 10.0875
88000 561.985 9.43722 10.4192 10.2977 13.1169 9.29824 10.1957
89000 564.126 9.4627 10.4633 10.2321 13.2266 9.27256 10.3547
90000 561.343 9.50236 10.44 10.1306 13.797 9.03388 10.2168
91000 561.086 9.45807 10.2402 10.1692 13.4035 9.13263 10.5915
92000 554.69 9.53344 10.4251 10.2314 13.4973 9.36842 10.417
93000 559.725 9.65661 10.513 9.92538 13.5172 9.40451 10.2881
94000 546.835 9.46396 10.5244 9.81048 13.2511 9.14738 10.0608
95000 555.099 9.60698 10.3515 9.78731 13.5356 9.1687 9.96189
96000 557.256 9.77222 10.3908 10.1962 13.3583 9.0894 10.082
97000 556.625 9.3587 10.2853 9.97787 12.9839 9.15199 10.0335
98000 551.942 9.43861 10.4738 10.1082 13.1584 8.92169 10.0572
99000 551.925 9.67984 10.6627 10.2147 13.5484 9.0714 10.2357
100000 553.548 9.55106 10.4501 9.86545 13.4107 9.07812 10.1186
101000 552.076 9.49284 10.4763 10.2729 13.6091 9.02299 10.0821
102000 550.196 9.62862 10.3969 10.0941 13.815 8.99967 9.99579
103000 551.79 9.65842 10.6148 10.0341 13.6846 8.90845 10.1705
104000 545.581 9.82221 10.4607 10.2374 13.9203 9.03855 10.1731
105000 551.478 9.84956 10.4947 10.6183 13.9415 9.10378 10.1868
106000 548.559 9.65259 10.6287 10.5158 13.8211 9.1294 10.2294
107000 538.799 9.77551 10.5475 10.5378 14.1102 9.24418 10.172
108000 540.899 9.62035 10.3456 10.6276 14.0748 9.1377 10.4441
109000 540.266 9.71194 10.2957 10.4683 14.132 9.0894 10.719
110000 542.58 9.62324 10.2497 10.535 14.027 9.30387 10.9772
111000 535.329 9.71117 10.4547 10.5684 14.0897 9.24731 10.9984
112000 541.189 9.68056 10.5627 10.4846 14.1516 9.22383 10.8828
113000 543.973 9.46653 10.4913 10.3903 14.2019 9.17758 10.7978
114000 539.285 9.61131 10.3286 10.4025 14.3748 9.18675 10.6735
115000 534.435 9.57874 10.1973 10.0336 14.1272 9.24453 10.5556
116000 529.033 9.59689 10.1572 10.124 13.9179 9.22796 10.789
117000 533.13 9.56472 10.2735 9.95242 13.6891 9.23675 10.6376
118000 529.1 9.51366 10.283 10.0252 13.3586 9.25837 10.7946
119000 536.343 9.43098 10.3826 10.3939 13.5839 9.25067 10.8437
120000 532.973 9.61152 10.4569 10.4559 13.9025 9.16063 10.6911
121000 523.638 9.84018 10.4253 10.432 13.5973 9.27514 10.4972
122000 528.89 9.54416 10.3697 10.4059 13.9153 9.35215 10.4869
123000 527.351 9.69751 10.3091 10.1953 13.9313 9.42005 10.5222
124000 523.013 9.61415 10.3235 10.0516 13.9392 9.464 10.6477
125000 525.852 9.50378 10.506 10.2172 14.1519 9.26041 10.6829
126000 530.367 9.47039 10.5104 10.5092 14.0118 9.36424 11.2053
127000 519.224 9.50893 10.3312 10.4661 13.9803 9.06784 10.9002
128000 521.674 9.65815 10.305 10.2582 14.1237 9.0155 10.6327
129000 523.331 9.69203 10.5265 10.2706 14.0958 9.03195 10.4636
130000 521.63 9.50436 10.2015 10.5971 14.4641 9.05688 10.7354
131000 517.058 9.60083 10.3402 10.2664 14.0138 9.08968 11.0164
132000 512.621 9.6511 10.4265 10.1763 13.7406 9.08523 10.8823
133000 515.311 9.47386 10.4347 10.0704 13.6625 8.99633 10.3188
134000 515.521 9.3425 10.476 10.3836 13.6921 9.03413 10.172
135000 516.308 9.28141 10.4023 10.2825 13.1832 8.91257 10.1823
136000 512.45 9.47143 10.6621 10.1268 12.8263 9.00639 10.0678
137000 517.867 9.4883 10.5686 10.3156 13.0741 9.07086 10.2151
138000 513.185 9.5313 10.642 10.1003 13.2853 9.01741 9.98961
139000 515.046 9.38529 10.6007 10.2133 13.2752 9.17794 10.2209
140000 511.285 9.38977 10.6102 10.0797 13.2988 9.15067 10.2666
141000 505.553 9.39335 10.5028 10.3266 13.0829 9.02705 10.4383
142000 508.038 9.50727 10.3123 10.1226 12.7923 9.08003 10.1086
143000 510.509 9.44052 10.4535 10.3287 12.8707 9.03936 10.3973
144000 502.886 9.42049 10.4836 10.2995 12.9953 9.05811 10.2626
145000 503.83 9.58123 10.4259 10.2639 13.3022 9.12555 10.1887
146000 508.747 9.47893 10.4248 10.2248 13.1134 8.98498 10.3821
147000 502.757 9.67889 10.6224 10.2401 12.8347 9.12292 10.4738
148000 498.434 9.46776 10.5116 10.1194 12.7491 8.97205 10.4621
149000 493.581 9.49166 10.3527 10.2158 12.9806 9.04108 10.5994
150000 499.202 9.53041 10.2588 10.1922 13.1555 8.96542 10.4531
151000 498.819 9.47197 10.0883 10.2392 13.1176 8.8766 10.446
152000 501.65 9.43505 10.2526 10.166 13.1326 8.93478 10.7693
153000 498.043 9.48143 10.2313 10.2814 13.2892 9.02421 10.3887
154000 493.783 9.44142 10.2653 10.1492 13.0438 8.9738 10.3431
155000 497.703 9.54767 10.298 10.3875 13.3089 8.92847 10.4885
156000 498.036 9.51928 10.4878 10.1798 13.1212 9.043 10.4845
157000 492.292 9.32155 10.3381 10.0348 13.2265 9.06135 10.5314
158000 490.008 9.44961 10.2932 10.2649 13.1028 9.0275 10.2899
159000 494.308 9.28985 10.2753 10.1093 13.0599 9.08546 10.2811
160000 491.26 9.40438 10.3821 10.1003 13.0631 9.01098 10.2982
161000 489.977 9.5924 10.3369 10.3878 12.8197 9.04762 10.1947
162000 489.261 9.64809 10.2234 10.3207 13.2473 9.01545 10.3186
163000 489.781 9.50166 10.3624 10.3328 13.1782 8.90485 10.2392
164000 485.631 9.47065 10.4416 10.2173 13.1591 8.81872 10.1568
165000 482.242 9.45902 10.4156 10.1108 13.0036 8.99923 10.3523
166000 483.197 9.42626 10.4361 10.2178 12.9947 8.88673 10.2921
167000 480.908 9.41288 10.3506 10.1317 13.1597 9.02871 10.4637
168000 477.827 9.3125 10.2702 10.186 13.22 8.93726 10.593
169000 476.962 9.37819 10.5245 9.98948 13.301 8.99085 10.4862
170000 476.907 9.43619 10.5538 10.3419 13.4567 8.83665 10.362
171000 476.096 9.35646 10.3535 10.3324 13.5937 8.92541 10.3928
172000 477.597 9.54396 10.5599 10.2362 13.5044 8.88667 10.4369
173000 474.158 9.53042 10.3866 10.2872 13.2816 8.98559 10.3207
174000 479.336 9.40707 10.2761 10.1796 13.4445 8.83431 10.4018
175000 478.272 9.33641 10.3862 10.2736 13.205 8.88325 10.4657
176000 475.847 9.40944 10.2615 10.3317 13.1432 8.95082 10.558
177000 473.69 9.41277 10.2369 10.526 13.3281 9.03809 10.4749
178000 474.102 9.33999 10.2043 10.38 13.0656 8.87055 10.1967
179000 474.17 9.67901 10.3968 10.4432 12.7313 8.96281 10.3168
180000 474.032 9.39429 10.1749 10.12 13.0215 8.8799 10.0994
181000 470.332 9.41511 10.225 10.3143 13.1002 8.94485 10.2654
182000 469.794 9.45321 10.2237 10.3584 12.8957 8.94527 10.1095
183000 464.598 9.46437 10.4306 10.4105 12.9626 9.0249 10.2346
184000 465.017 9.46286 10.1823 10.2903 13.2538 8.87619 10.5064
185000 467.947 9.45991 10.3003 10.4249 12.973 8.90569 10.3076
186000 466.296 9.5099 10.216 10.3805 13.2791 8.93644 10.3177
187000 464.699 9.5589 10.3465 10.5233 13.2873 8.86268 10.2958
188000 460.675 9.51181 10.188 10.518 13.2724 8.98025 10.1557
189000 465.325 9.39939 10.1132 10.1728 13.1351 8.88286 10.1844
190000 455.823 9.49883 10.348 10.3331 13.0468 8.80723 10.2006
191000 461.047 9.57446 10.1354 10.2375 13.2003 8.8911 10.2293
192000 455.572 9.46645 10.2053 10.1711 13.3636 8.93829 10.4303
193000 459.798 9.52399 10.2529 10.2807 13.3234 8.85985 10.2223
194000 457.166 9.50414 10.3587 10.3447 13.1712 8.99564 10.2326
195000 455.663 9.46367 10.0891 10.3904 13.1862 8.85346 10.3586
196000 454.381 9.5062 10.3033 10.3612 13.4758 9.074 10.5627
197000 456.416 9.40418 10.3126 10.3652 13.3106 9.06805 10.2924
198000 450.115 9.50862 10.2374 10.4021 13.5793 8.92737 10.3136
199000 450.283 9.46934 10.2799 10.2254 13.3788 8.95954 10.4305
200000 450.45 9.56639 10.1652 10.3029 13.4922 8.95285 10.0976
201000 444.972 9.65006 10.1692 10.2254 13.2669 8.86442 10.0361
202000 448.586 9.73527 10.054 10.2738 13.0942 8.9352 10.1666
203000 451.969 9.7461 9.98085 10.2714 13.105 8.87365 9.99391
204000 443.859 9.60357 9.97772 10.3832 13.1734 8.94334 10.1779
205000 436.126 9.57741 10.2009 10.3261 13.0958 8.99736 10.128
206000 451.076 9.63887 10.2164 10.3771 13.0611 8.89518 10.1447
207000 441.775 9.6544 10.1598 10.4555 13.3729 8.86239 10.2333
208000 448.768 9.78471 10.1781 10.3684 13.3026 8.95272 10.2823
209000 435.77 9.61237 10.2603 10.3105 13.0394 8.90425 10.4336
210000 439.581 9.63383 10.1598 10.5385 13.2018 8.919 10.289
211000 435.681 9.75266 10.1334 10.3834 12.8765 8.85207 10.042
212000 438.479 9.64074 10.1845 10.2324 13.0194 8.79103 9.98305
213000 435.622 9.68961 10.214 10.0406 13.0501 8.80361 10.18
214000 436.231 9.41607 10.1084 10.0337 13.0757 8.77968 10.3554
215000 434.701 9.4823 10.1803 10.2837 12.9593 8.77541 10.1506
216000 431.888 9.33301 10.2224 10.0445 12.8413 8.88864 10.2464
217000 433.179 9.54235 10.3421 10.2359 12.9438 8.93816 10.2206
218000 430.776 9.5018 10.3501 10.2897 13.0903 8.89494 10.1844
219000 429.921 9.40287 10.3727 10.2183 13.1624 8.83807 9.983
220000 431.08 9.63376 10.1418 10.208 12.9783 8.85266 10.1445
221000 435.427 9.56328 10.2008 10.3542 13.0748 8.89671 10.2305
222000 430.207 9.59628 10.1712 10.3248 12.7189 9.00853 10.1121
223000 429.163 9.56801 10.1206 10.3185 12.9264 8.92669 10.1673
224000 429.866 9.64269 10.2258 10.2191 13.1495 8.9179 10.0744
225000 423.831 9.61773 10.2528 10.2534 12.9518 8.99728 10.2417
226000 429.159 9.69612 10.2242 10.1817 12.8778 8.86432 9.97038
227000 423.596 9.58294 10.1099 10.2942 13.0488 8.8358 10.0584
228000 422.005 9.58815 10.1561 10.2694 13.1844 8.83692 10.0492
229000 425.631 9.54456 10.1939 10.4031 13.0515 9.03095 10.0559
230000 422.811 9.59553 10.3507 10.3224 12.7649 9.07724 9.97469
231000 420.786 9.59934 10.2713 10.099 12.8834 9.0437 10.0325
232000 415.027 9.50722 10.0301 10.057 12.8989 8.97214 10.0703
233000 412.373 9.58983 10.1317 10.0456 13.412 8.94763 10.1083
234000 417.818 9.41019 10.2184 10.107 13.1569 8.85241 10.1159
235000 415.967 9.53091 10.143 10.1535 13.1687 9.0805 10.2612
236000 413.298 9.44897 10.0766 10.3173 12.9713 9.06151 10.1391
237000 409.749 9.42995 10.3694 10.3521 13.2224 9.02383 9.93508
238000 411.823 9.38148 10.2466 10.3279 13.0396 8.95765 10.0477
239000 409.205 9.45331 10.0906 10.2075 13.0704 8.94114 10.3212
240000 411.344 9.44023 10.2222 10.2503 13.0659 8.95461 10.0956
241000 411.164 9.48356 10.1277 10.2233 13.0951 8.94902 10.1591
242000 404.936 9.51171 10.2124 10.2414 12.9111 8.89473 9.88997
243000 409.755 9.56138 10.1697 10.1679 13.1887 8.87075 9.89697
244000 400.23 9.49883 10.1792 10.1737 13.1464 8.93398 10.0691
245000 410.043 9.51157 10.0486 10.2279 12.8791 9.0438 10.1318
246000 402.631 9.46006 10.246 10.1952 12.7783 8.98123 10.0214
247000 402.71 9.49099 10.0706 10.0858 12.7463 8.91637 10.043
248000 404.656 9.59009 10.1686 10.2802 12.8891 8.94992 9.97282
249000 400.167 9.51043 10.3034 10.1487 12.8869 8.9446 9.84992
250000 404.94 9.33576 10.1988 10.2427 12.9373 9.03005 10.0835
251000 405.413 9.49711 10.1018 10.1547 12.7963 9.1215 10.1649
252000 398.743 9.42662 10.1896 10.267 13.0518 8.9299 9.93291
253000 392.98 9.48372 10.2649 10.2181 12.7546 8.92646 9.83299
254000 393.18 9.5744 10.2641 10.1892 12.7588 8.94599 10.1273
255000 393.458 9.57248 10.1963 10.112 12.7951 9.04129 10.1171
256000 392.86 9.48295 10.236 10.3248 12.7584 9.11043 10.0717
257000 396.54 9.50734 10.2735 10.1771 12.7746 9.09045 10.1
258000 388.493 9.58805 10.2064 10.1128 13.0251 9.04845 9.90989
259000 393.29 9.57556 10.1246 9.93864 13.0252 9.02109 9.90016
260000 391.872 9.67064 10.1015 10.0907 12.9269 9.03254 10.1767
261000 391.19 9.37913 10.1661 10.1105 13.0409 9.07792 10.1193
262000 389.244 9.56208 10.2657 10.1493 13.2083 8.97272 10.0411
263000 384.259 9.54068 10.1728 10.1172 13.0797 9.04358 10.2687
264000 384.437 9.46154 10.0752 10.1637 13.2188 9.16861 10.4476
265000 384.874 9.40598 10.208 10.0225 13.13 9.06283 10.2409
266000 385.315 9.449 10.1973 9.99727 13.0957 8.95036 10.1157
267000 384.922 9.70422 10.143 10.0428 13.0535 9.00374 10.087
268000 380.604 9.5209 10.1624 9.91698 13.1413 9.06303 9.88708
269000 382.131 9.38312 10.2214 10.0714 13.3921 9.02987 9.90851
270000 381.466 9.29876 10.0836 10.0836 13.4002 9.02248 10.2282
271000 384.682 9.5505 10.1915 10.1172 13.2293 9.02826 10.1059
272000 379.079 9.31482 10.1737 10.0593 13.2919 9.07109 10.223
273000 377.585 9.38636 10.2237 10.0129 13.4139 9.05937 10.088
274000 376.909 9.51617 10.1478 10.0375 13.1331 9.04673 10.0319
275000 378.953 9.47301 10.1965 10.055 12.935 8.93714 10.0437
276000 372.022 9.46024 10.1494 10.1912 13.0783 8.94015 9.98349
277000 376.136 9.60465 10.134 10.0858 13.0601 8.93153 10.0133
278000 371.798 9.59332 10.2259 10.0894 13.2775 8.99042 10.0189
279000 368.969 9.38068 10.1489 10.1862 12.9484 8.96266 9.93464
280000 371.274 9.45796 10.0914 10.1219 13.1448 9.061 9.89841
281000 365.424 9.50548 10.2162 9.99735 13.1432 9.05137 10.1538
282000 371.078 9.60292 10.1711 10.0627 13.0034 9.02512 10.0692
283000 369.049 9.44691 10.2143 10.0302 12.9996 8.98917 9.99548
284000 373.215 9.43922 10.2025 10.1153 13.0144 9.09906 9.96529
285000 362.449 9.4914 10.2468 10.0668 13.128 9.11817 10.0281
286000 367.328 9.58596 10.4087 10.0039 13.097 9.11818 9.84613
287000 364.105 9.63613 10.3412 10.1732 12.8685 9.19314 10.0009
288000 366.969 9.6403 10.3832 10.081 13.0277 9.19918 10.1332
289000 362.801 9.77674 10.3866 10.0196 13.014 9.17994 9.93517
290000 359.913 9.60451 10.3478 9.95745 13.0779 9.21073 9.86758
291000 357.889 9.6086 10.2116 10.1081 12.9126 9.07422 9.91484
292000 354.439 9.45929 10.3462 10.0293 13.0292 9.19411 9.97504
293000 356.397 9.5263 10.3739 10.0834 12.9138 9.20938 9.9199
294000 355.907 9.49377 10.4088 10.0149 12.8541 9.19377 10.0826
295000 356.604 9.5779 10.2588 9.99293 12.7211 9.21131 9.89481
296000 357.75 9.51644 10.3284 10.1358 12.5702 9.20264 9.94531
297000 352.473 9.54719 10.3344 10.0662 12.9158 9.22219 10.0095
298000 354.851 9.57061 10.3639 9.99298 12.8987 9.18143 9.96818
299000 348.339 9.57842 10.3731 10.1901 12.7957 9.17331 10.0022
300000 347.972 9.51109 10.3507 10.022 12.902 9.19917 10.103
301000 347.344 9.34761 10.2633 10.0605 12.9153 9.24869 9.96789
302000 345.965 9.52133 10.2788 10.0232 12.8359 9.15348 9.98917
303000 346.394 9.56109 10.2639 10.1747 12.6847 9.11195 10.1455
304000 345.586 9.54006 10.2607 10.1194 12.8073 9.14616 9.9694
305000 346.714 9.53151 10.2696 10.1339 12.6843 9.18206 9.92065
306000 344.626 9.52677 10.3403 10.1539 12.6676 9.19 10.0068
307000 345.231 9.51887 10.1874 10.1088 12.6487 9.17105 10.0071
308000 342.849 9.53283 10.3981 10.143 12.8966 9.19494 9.92479
309000 344.703 9.45191 10.2104 10.1826 12.604 9.14376 9.96565
310000 340.573 9.56781 10.167 10.107 12.6009 9.2574 9.952
311000 336.503 9.69134 10.2698 10.1497 12.6755 9.21073 9.94783
312000 338.918 9.54895 10.4964 10.1045 12.6082 9.14536 9.96314
313000 339.654 9.61574 10.3925 10.2021 12.6907 9.28036 9.94115
314000 336.716 9.68355 10.2266 10.1685 12.6466 9.21509 9.96283
315000 336.176 9.56538 10.2173 10.1726 12.5614 9.23524 9.79363
316000 336.051 9.61222 10.3414 10.1362 12.5755 9.22052 9.7671
317000 333.992 9.62883 10.3206 10.0496 12.6589 9.16638 9.85813
318000 330.968 9.72761 10.4566 10.1959 12.7854 9.15872 9.7816
319000 332.53 9.57736 10.3995 10.1509 12.6487 9.11065 9.70677
320000 334.039 9.56725 10.2386 10.1304 12.4684 9.2692 9.91602
321000 329.953 9.66229 10.2124 10.1762 12.5356 9.18946 10.0737
322000 329.102 9.54083 10.2017 10.1393 12.4856 9.21753 9.95128
323000 323.901 9.50613 10.2569 10.0641 12.4484 9.26145 9.75159
324000 325.081 9.47276 10.2455 10.1307 12.5194 9.24073 9.85628
325000 325.073 9.51219 10.0267 10.0579 12.494 9.22696 9.82117
326000 324.04 9.46097 10.1178 10.0963 12.53 9.22229 9.9466
327000 317.454 9.52736 10.0361 10.0806 12.6055 9.30834 10.0824
328000 320.266 9.5358 10.1974 10.1169 12.536 9.22317 9.95639
329000 317.724 9.44124 10.1756 10.1159 12.6449 9.20545 9.88225
330000 320.03 9.55628 10.1615 10.1272 12.5487 9.26078 10.153
331000 318.251 9.45634 10.0694 10.0777 12.5603 9.19565 10.0314
332000 318.257 9.46972 10.1198 10.0793 12.6651 9.19163 9.81305
333000 320.056 9.6337 10.1254 10.1847 12.6278 9.25867 10.0843
334000 316.53 9.607 10.1442 10.145 12.5389 9.17454 10.0732
335000 314.847 9.58897 10.307 10.1174 12.6536 9.23287 9.86221
336000 317.639 9.54937 10.2442 10.0345 12.6912 9.30264 10.0585
337000 311.585 9.56692 10.1039 10.0272 12.8029 9.22414 10.0088
338000 306.577 9.48418 10.2319 10.2413 12.6471 9.21637 9.90311
339000 311.945 9.51321 10.2021 10.1244 12.5071 9.2219 10.0015
340000 306.714 9.51154 10.2374 10.0724 12.4314 9.22095 9.8899
341000 308.428 9.45103 10.1262 9.99753 12.5739 9.25675 10.0417
342000 311.199 9.53729 10.2049 10.1143 12.5031 9.32334 9.94338
343000 308.938 9.56763 10.1802 10.2092 12.5971 9.29619 9.84057
344000 307.412 9.49735 10.2696 10.1871 12.6059 9.22217 9.83399
345000 307.206 9.46328 10.2613 10.1289 12.5923 9.15499 9.88981
346000 301.863 9.57171 10.2019 10.0698 12.5791 9.33853 9.90762
347000 303.196 9.53219 10.2012 10.0672 12.6666 9.19327 9.83641
348000 301.466 9.6067 10.1828 10.162 12.6119 9.25407 9.97969
349000 300.973 9.63944 10.346 10.1449 12.4593 9.19484 9.89326
350000 297.287 9.6351 10.3807 10.0506 12.7451 9.18267 9.79013
351000 300.723 9.59686 10.1941 10.0897 12.6372 9.20351 9.77082
352000 299.787 9.49703 10.0723 10.0849 12.4082 9.18972 9.82048
353000 295.268 9.62136 9.93055 9.9993 12.6268 9.27265 9.75974
354000 294.595 9.51956 10.0558 10.0181 12.5636 9.18223 9.95684
355000 294.337 9.52907 10.192 10.0948 12.5747 9.16788 9.81582
356000 296.784 9.65674 10.1912 10.1273 12.5523 9.18493 9.8112
357000 293.843 9.57405 10.2435 10.0757 12.6349 9.22958 9.84671
358000 289.87 9.63285 10.1538 10.1255 12.7618 9.23718 9.81283
359000 290.848 9.55548 10.0726 10.1195 12.7018 9.15335 9.91228
360000 289.546 9.55353 10.2902 10.1357 12.5958 9.22428 9.78717
361000 286.629 9.60348 10.2689 10.1547 12.638 9.2163 9.84214
362000 286.753 9.50878 10.1677 10.0281 12.5928 9.23766 9.90466
363000 287.622 9.55913 10.2078 9.9348 12.7036 9.25969 9.80484
364000 287.019 9.55965 10.0356 10.0001 12.5725 9.23915 9.74252
365000 282.655 9.58573 10.0372 10.1644 12.6161 9.2081 9.85495
366000 281.686 9.45639 10.0503 10.0643 12.5651 9.19414 9.78832
367000 282.701 9.54563 10.2168 10.1101 12.5251 9.16818 9.77774
368000 285.156 9.57382 10.1436 10.0725 12.6764 9.10283 9.81916
369000 279.684 9.56245 10.1214 10.0387 12.6654 9.21677 9.81977
370000 281.114 9.57215 10.2194 10.0386 12.7764 9.16012 9.86876
371000 278.117 9.53681 10.1927 10.1465 12.6986 9.1645 9.86852
372000 277.145 9.56552 10.2301 10.1792 12.7675 9.23283 9.8572
373000 277.694 9.58064 10.264 10.0319 12.7204 9.10749 9.81163
374000 275.837 9.64475 10.2377 10.057 12.7021 9.21591 9.86957
375000 272.603 9.61235 10.1529 10.1109 12.6696 9.17528 9.80116
376000 273.407 9.54989 10.2993 10.097 12.5691 9.23663 9.83996
377000 274.357 9.5383 10.2532 10.1209 12.5425 9.18893 9.88503
378000 270.764 9.63271 10.1261 10.16 12.6865 9.19923 9.79154
379000 267.765 9.61365 10.1663 10.147 12.701 9.21883 9.77978
380000 270.623 9.60093 10.0908 10.0006 12.6324 9.27576 9.81974
381000 269.261 9.6387 10.1526 10.0413 12.6652 9.2797 9.96461
382000 268.076 9.56965 10.0411 9.99017 12.6645 9.18569 9.77969
383000 269.352 9.53485 10.1793 10.0884 12.6807 9.19309 9.95366
384000 266.605 9.56685 10.1476 10.0911 12.6038 9.2668 9.7703
385000 270.611 9.57519 9.96175 9.94189 12.5711 9.19626 9.79128
386000 264.816 9.5983 10.0134 10.1143 12.5038 9.16855 9.83222
387000 266.108 9.54988 10.1483 10.1765 12.4224 9.22633 9.91192
388000 263.777 9.50516 9.9465 10.0885 12.6672 9.21072 9.85695
389000 260.37 9.61472 10.1337 10.0331 12.5066 9.2482 9.82698
390000 262.542 9.51756 10.0105 10.0109 12.5093 9.27279 9.78485
391000 261.507 9.49801 9.94201 10.0386 12.5249 9.2199 9.77449
392000 258.794 9.58336 10.0768 10.1294 12.4566 9.21364 9.87782
393000 257.168 9.46129 9.90599 10.0387 12.5101 9.24851 9.80661
394000 255.475 9.57819 9.96446 9.99443 12.6032 9.21175 9.74543
395000 254.833 9.53 9.90022 10.0777 12.4529 9.2383 9.80248
396000 250.286 9.48047 9.94737 10.1159 12.5721 9.19154 9.82514
397000 255.345 9.47711 9.93012 10.1243 12.5404 9.18205 9.93672
398000 249.397 9.57818 10.0149 10.138 12.4998 9.24708 9.81558
399000 251.641 9.48239 9.93554 9.98335 12.4868 9.25284 9.89641
400000 247.789 9.66731 10.025 10.0341 12.5002 9.188 9.73341
401000 249.556 9.59629 9.96434 9.99805 12.5621 9.20024 9.85563
402000 251.166 9.43101 9.84809 10.0909 12.5114 9.26466 9.94743
403000 248.511 9.50615 9.93264 10.0926 12.5457 9.19626 9.82898
404000 246.742 9.49819 10.156 10.043 12.5985 9.24503 9.74514
405000 244.269 9.45284 10.0098 10.1243 12.5671 9.22787 9.8317
406000 243.598 9.46177 9.9686 10.1671 12.5839 9.19132 10.0512
407000 245.519 9.55239 9.95178 10.0592 12.5108 9.16842 9.89369
408000 244.322 9.48962 10.0692 10.0569 12.641 9.22759 9.76179
409000 241.738 9.4874 10.0152 10.0806 12.5349 9.22778 9.91879
410000 239.695 9.51052 9.85546 9.99879 12.6486 9.22865 9.89827
411000 240.488 9.49206 9.89169 10.0005 12.7129 9.20385 9.85749
412000 239.49 9.43499 10.0022 10.0977 12.4886 9.29069 9.82842
413000 236.124 9.50752 9.93432 10.0818 12.4903 9.18157 9.87412
414000 238.06 9.54351 9.92102 10.0136 12.4984 9.13876 9.77977
415000 233.654 9.51854 9.96523 10.1023 12.377 9.22715 9.80535
416000 232.577 9.51141 9.92498 10.0625 12.4133 9.16342 9.7862
417000 234.453 9.47923 9.97814 9.97943 12.3942 9.1951 9.80522
418000 232.558 9.57905 9.97317 10.0288 12.5321 9.18657 9.87645
419000 231.033 9.44942 9.94547 10.0876 12.543 9.16743 9.75093
420000 232.747 9.52019 9.99315 10.0817 12.5078 9.16934 9.84375
421000 230.196 9.44657 10.0728 10.0138 12.5136 9.23129 9.82035
422000 229.695 9.48658 9.95956 10.055 12.4643 9.19797 9.87836
423000 227.699 9.60181 9.9798 10.0618 12.441 9.26098 9.86466
424000 228.503 9.5427 10.0785 10.0043 12.5109 9.19741 9.85318
425000 224.683 9.53433 10.0063 10.0312 12.5895 9.20388 9.96503
426000 227.124 9.45113 10.0488 10.0366 12.6974 9.25844 9.81549
427000 223.147 9.48628 10.1059 10.1094 12.5129 9.19963 10.0099
428000 224.664 9.51992 10.0441 10.0387 12.5283 9.20523 9.85155
429000 223.268 9.53004 10.045 10.0983 12.4691 9.19588 9.80962
430000 219.991 9.56439 10.0969 10.1439 12.4433 9.28131 9.83545
431000 216.961 9.53927 9.93827 10.043 12.4436 9.16495 9.82944
432000 217.515 9.6106 9.93613 10.0126 12.5032 9.1889 9.83137
433000 217.57 9.59823 9.98714 10.1052 12.3864 9.20316 9.91509
434000 218.79 9.56361 10.0772 10.0763 12.52 9.24357 9.82104
435000 215.754 9.61696 10.106 10.1101 12.4357 9.23408 9.89911
436000 217.219 9.48167 9.93722 10.0997 12.3956 9.15809 9.81246
437000 215.784 9.54622 10.0298 10.1329 12.4137 9.14453 9.82664
438000 211.451 9.55361 9.95199 10.0139 12.4108 9.14909 9.82432
439000 211.591 9.58073 10.0387 10.1456 12.4125 9.19233 9.88354
440000 210.693 9.5301 10.0345 10.1545 12.4487 9.15018 9.8486
441000 206.605 9.49742 9.95113 10.1157 12.5504 9.18228 9.80918
442000 210.147 9.5252 10.0634 10.119 12.4677 9.19915 9.77152
443000 207.718 9.51829 9.98861 10.1032 12.4583 9.17946 9.80463
444000 209.013 9.47251 9.97807 10.0635 12.4948 9.14251 9.77309
445000 205.297 9.62688 10.0166 10.0903 12.3425 9.13625 9.82682
446000 203.708 9.55619 10.0439 10.1511 12.4309 9.21345 9.73546
447000 205.352 9.5391 9.96039 10.0251 12.4375 9.2044 9.8294
448000 201.145 9.54813 9.94781 10.0868 12.4384 9.18082 9.83865
449000 200.833 9.54674 10.0456 10.1136 12.553 9.14729 9.78411
450000 199.672 9.53629 9.94923 10.0363 12.453 9.1642 9.75058
451000 198.874 9.53479 9.93013 10.1056 12.4495 9.20351 9.77948
452000 196.763 9.54453 9.9485 10.0833 12.5298 9.18884 9.83115
453000 198.041 9.49305 9.94799 10.0853 12.3429 9.15231 9.83065
454000 194.043 9.57078 9.9952 10.0522 12.4271 9.1999 9.81548
455000 195.199 9.55079 9.97727 10.1023 12.3993 9.12545 9.77045
456000 195.205 9.51688 9.88263 10.0439 12.5266 9.21145 9.85444
457000 195.179 9.53598 10.0406 10.129 12.6141 9.16636 9.76521
458000 191.513 9.52272 10.0116 10.065 12.4075 9.17012 9.71508
459000 191.344 9.53617 9.96103 10.0692 12.511 9.1937 9.78203
460000 191.067 9.47268 10.0462 10.0599 12.5573 9.16495 9.86129
461000 189.564 9.54368 9.96716 10.117 12.4492 9.16737 9.79623
462000 189.633 9.48195 10.0401 10.0415 12.4994 9.18332 9.80816
463000 186.1 9.54564 9.9435 10.0623 12.4585 9.18009 9.86418
464000 185.12 9.52771 10.0502 10.1557 12.4385 9.1844 9.79102
465000 185.009 9.46293 10.0601 10.1301 12.4151 9.19555 9.81207
466000 184.961 9.52128 9.97056 10.0771 12.557 9.18666 9.90525
467000 183.159 9.49979 10.0012 10.0897 12.5887 9.1765 10.0339
468000 181.722 9.56884 9.90057 10.082 12.583 9.16466 9.77612
469000 182.752 9.57667 10.0229 9.99947 12.606 9.2303 9.73764
470000 181.674 9.51436 9.87263 10.0736 12.609 9.16915 9.84539
471000 178.829 9.552 9.95621 10.078 12.6103 9.15017 9.86315
472000 176.26 9.53702 9.99489 10.0138 12.694 9.21116 9.79642
473000 178.387 9.58395 9.87327 10.0711 12.6375 9.22612 9.79323
474000 175.539 9.4812 10.0247 10.0786 12.3847 9.18789 9.75834
475000 175.779 9.57519 9.91252 10.0512 12.4327 9.18486 9.87728
476000 174.714 9.49708 10.0439 10.0937 12.4105 9.17244 9.84322
477000 174.791 9.5821 9.93522 10.0678 12.4925 9.17751 9.93374
478000 173.793 9.59475 9.92519 10.0796 12.5408 9.17153 9.77684
479000 170.814 9.48096 10.0661 10.121 12.4732 9.17342 9.81985
480000 170.067 9.52507 9.95556 10.0871 12.5403 9.2128 9.90119
481000 170.029 9.51888 10.0463 10.074 12.5281 9.16522 9.81016
482000 167.572 9.54873 10.1537 10.1062 12.5561 9.19183 9.7402
483000 167.001 9.53805 9.99579 10.0285 12.5067 9.189 9.82048
484000 166.095 9.51345 9.97152 10.0712 12.4511 9.16065 9.69369
485000 165.307 9.52152 9.98408 10.0597 12.433 9.17684 9.78149
486000 163.195 9.51252 9.96372 10.083 12.4888 9.20742 9.78693
487000 162.415 9.5966 9.9457 10.0327 12.4347 9.18231 9.73748
488000 161.655 9.569 9.94978 10.0142 12.4017 9.21553 9.74436
489000 161.297 9.53953 9.93775 10.1406 12.4611 9.22356 9.83568
490000 160.048 9.56745 10.0021 10.0306 12.5163 9.1588 9.86181
491000 159.539 9.51569 10.0182 10.1173 12.5613 9.19966 9.72731
492000 156.779 9.54677 9.90764 10.0299 12.474 9.17662 9.79738
493000 156.464 9.54352 9.92593 10.0738 12.4763 9.1754 9.79366
494000 155.415 9.55534 9.92989 10.0911 12.4118 9.16 9.74715
495000 154.561 9.47451 9.94483 10.0935 12.5383 9.17088 9.77582
496000 155.084 9.60838 9.99378 10.0703 12.4258 9.1954 9.76795
497000 154.202 9.54634 9.95872 10.0283 12.4703 9.17649 9.74305
498000 151.097 9.55622 10.025 10.1149 12.4581 9.16874 9.78356
499000 150.372 9.51831 9.96772 10.0991 12.4668 9.16602 9.68952
500000 150.312 9.54732 9.99809 10.1024 12.4191 9.1874 9.71439
